1537470269 1
1537475898 1
1537476028 2
1537994188 13
1540322792 1333
1540487586 1411
1540488799 1383
1540573343 1494
1540591685 1744
1540595222 1745
1540598920 5027
1540858557 19977
1540874443 20065
1540876653 20066
1540929418 20076
1540932165 20090
1540957414 20262
1540959498 20257
1540963840 20351
1540972030 20429
1541032166 20671
1541049190 20747
1541110526 20782
1541111674 20819
1541114402 23138
1541116189 20815
1541117065 18381
1541118297 18382
1541188521 18427
1541189181 18264
1541190236 18282
1541192052 18299
1541201352 18303
1541204180 18335
1541207321 18348
1541211333 18397
1541214682 18453
1541214842 18496
1541284909 18653
1541285571 18698
1541372284 18799
1541383046 18869
1541383489 19872
1541384119 19870
1541384376 19865
1541384833 21692
1541386349 21694
1541390454 21695
1541390471 21682
1541391289 21684
1541393124 21696
1541393136 21689
1541393740 21937
1541397146 23109
1541397751 23113
1541461057 23094
1541461106 23087
1541461137 23094
1541462074 23346
1541462447 23335
1541462987 23343
1541464270 23368
1542046506 23368
1542046751 23368
1542048241 23372
1542050622 23692
1542053407 23661
1542056071 23683
1542060316 23702
1542238790 23684
1542240177 23712
1542241713 23698
1542245555 23683
1542307626 23638
1542310590 23584
1542316922 23729
1542482470 23782
1542485570 23776
1542485670 23776
1542486296 23776
1542495888 23774
1542501651 23835
1542508234 24853
1542511153 25167
1542511441 25298
1542580205 25299
1542586789 25325
1542669777 25393
1542669791 25654
1542672972 25654
1543345323 26073
1543351975 26086
1543354822 26086
1543357735 26103
1543456066 26103
1543607507 26106
1543615603 26154
1543615758 26154
1543688919 26209
1543782941 26242
